2019.56
1832.06
1068.19
-222.427
-1534.4
11.993
1993.56
721.013
2285.89
-383.317
-1019.38
-508.557
432.303
718.103
1066.29
-1191.02
-497.247
-698.107
1632.48
1898.28
1534.64
-327.127
209.673
-290.607
932.513
1596.2
1281.92
-132.557
-1508.03
-1758.05
428.273
1762.42
1249.57
-628.317
-1120.11
-440.027
909.113
1348.49
875.063
-1751.51
-867.077
-1605.06
498.293
1588.76
2037.19
-696.437
139.513
-190.497
2262.7
1782.35
1802.8
-299.277
234.463
-728.387
1458.03
987.433
559.423
182.753
-255.257
-1202.71
1868.08
972.913
624.593
-194.947
-736.497
-879.967
927.763
1934.99
463.283
-934.687
-767.197
-465.617
777.973
1554.88
1768.41
-1371.66
92.623
-1339.52
375.743
1884.1
781.333
-1310.41
160.563
-257.487
852.383
1586.86
958.943
31.703
-539.367
-924.817
1463.8
642.283
1611.76
-1220.25
27.513
-1483.52
913.803
1189.64
1077.97
66.413
-1259.59
-1555.8
691.993
1751.58
1345.5
-1016.9
-779.307
-388.137
594.643
869.073
507.073
-507.827
-1314.74
-57.127
1058.1
1881.15
1358.01
-1148.91
-1560.07
-1608.01
311.953
683.333
1964.31
-480.207
-1038.85
-1072.06
777.313
1666.67
1975.72
-987.147
-735.517
-891.367
781.173
1716.9
302.423
-1258.53
185.503
-792.347
1939.45
698.533
1950.8
-1578.38
-916.977
-921.607
1928.3
2264.47
462.223
211.753
-494.077
-1157.55
1832.06
1068.19
-222.427
-1534.4
11.993
1993.56
721.013
2285.89
-383.317
-1019.38
-508.557
432.303
718.103
1066.29
-1191.02
-497.247
-698.107
1632.48
1898.28
1534.64
-327.127
209.673
-290.607
932.513
1596.2
1281.92
-132.557
-1508.03
-1758.05
428.273
1762.42
1249.57
-628.317
-1120.11
-440.027
909.113
1348.49
875.063
-1751.51
-867.077
-1605.06
498.293
1588.76
2037.19
-696.437
139.513
-190.497
2262.7
1782.35
1802.8
-299.277
234.463
-728.387
1458.03
987.433
559.423
182.753
-255.257
-1202.71
1868.08
972.913
624.593
-194.947
-736.497
-879.967
927.763
1934.99
463.283
-934.687
-767.197
-465.617
777.973
1554.88
1768.41
-1371.66
92.623
-1339.52
375.743
1884.1
781.333
-1310.41
160.563
-257.487
852.383
1586.86
958.943
31.703
-539.367
-924.817
1463.8
642.283
1611.76
-1220.25
27.513
-1483.52
913.803
1189.64
1077.97
66.413
-1259.59
-1555.8
691.993
1751.58
1345.5
-1016.9
-779.307
-388.137
594.643
869.073
507.073
-507.827
-1314.74
-57.127
1058.1
1881.15
1358.01
-1148.91
-1560.07
-1608.01
311.953
683.333
1964.31
-480.207
-1038.85
-1072.06
777.313
1666.67
1975.72
-987.147
-735.517
-891.367
781.173
1716.9
302.423
-1258.53
185.503
-792.347
1939.45
698.533
1950.8
-1578.38
-916.977
-921.607
1928.3
2264.47
462.223
211.753
-494.077
-1157.55
3092.44
1068.19
-222.427
-1534.4
11.993
1993.56
721.013
2285.89
-383.317
-1019.38
-508.557
432.303
718.103
1066.29
-1191.02
-497.247
-698.107
1632.48
1898.28
1534.64
-327.127
209.673
-290.607
932.513
1596.2
1281.92
-132.557
-1508.03
-1758.05
428.273
1762.42
1249.57
-628.317
-1120.11
-440.027
909.113
1348.49
875.063
-1751.51
-867.077
-1605.06
498.293
1588.76
2037.19
-696.437
139.513
-190.497
2262.7
1782.35
1802.8
-299.277
234.463
-728.387
1458.03
987.433
559.423
182.753
-255.257
-1202.71
1868.08
972.913
624.593
-194.947
-736.497
-879.967
927.763
1934.99
463.283
-934.687
-767.197
-465.617
777.973
1554.88
1768.41
-1371.66
92.623
-1339.52
375.743
1884.1
781.333
-1310.41
160.563
-257.487
852.383
1586.86
958.943
31.703
-539.367
-924.817
1463.8
642.283
1611.76
-1220.25
27.513
-1483.52
913.803
1189.64
1077.97
66.413
-1259.59
-1555.8
691.993
1751.58
1345.5
-1016.9
-779.307
-388.137
594.643
869.073
507.073
-507.827
-1314.74
-57.127
1058.1
1881.15
1358.01
-1148.91
-1560.07
-1608.01
311.953
683.333
1964.31
-480.207
-1038.85
-1072.06
777.313
1666.67
1975.72
-987.147
-735.517
-891.367
781.173
1716.9
302.423
-1258.53
185.503
-792.347
1939.45
698.533
1950.8
-1578.38
-916.977
-921.607
1928.3
2264.47
462.223
211.753
-494.077
-1157.55
3092.44
1923.45
